360
1
3
0
0
360
100
30
25
15
5
18
51
7
23
13
35
8
16
7
22
32
14
52
39
19
19
46
35
28
13
27
46
17
24
14
52
27
22
20
31
45
5
8
32
35
23
34
32
6
24
53
41
18
38
28
48
17
9
25
14
46
33
25
10
15
42
10
45
26
48
28
46
50
15
12
42
45
30
30
25
39
5
24
14
39
48
38
26
5
20
8
17
21
4
41
19
41
0
1
7
1
2
8
1
3
9
1
4
10
3
5
14
4
5
11
2
6
7
3
6
14
5
6
9
5
7
16
2
8
9
5
8
7
7
8
11
6
9
7
7
9
7
8
10
4
8
11
6
8
12
10
11
13
6
2
13
7
10
14
9
6
14
10
13
15
12
13
16
13
13
17
15
0
18
9
10
18
12
17
19
12
16
19
6
15
19
12
18
20
7
10
20
7
9
21
9
19
22
6
19
23
15
23
24
10
22
25
9
20
26
13
23
26
13
7
26
14
12
27
6
12
28
9
12
29
17
-1
15.0
104.0
14.0
75.0
26.0
47.0
0
1
20.000000
20.000000
0
2
20.000000
20.000000
1
2
20.000000
20.000000
-1
4
4
1.75
100
1.40
80
1.20
60
0.90
40
7
1.50
100
1.40
90
1.30
80
1.20
70
1.10
60
1.00
50
0.90
40
5
2.20
100
1.90
85
1.60
65
1.30
50
1.00
35
3
1.50
100
1.20
80
0.90
50
-1
